255 255 255 255 255 255 255 255 255 255 255 255 255 255 255 255
255 255 255 255 255 255 255 255 255 255 255 255 255 255 255 255
255 255 255 255 255 255 255 255 255 255 255 255 255 255 255 255
255 255 255 255 255 255 255 255 255 255 255 255 255 255 255 255
255 255 255 255 255 255 255 255 255 255 255 255 255 255 255 255
255 255 255 255 255   0   0 255 255 255 255 255 255 255 255 255
255 255 255 255 255   0   0 255 255 255 255 255 255 255 255 255
255 255 255 255 255 255 255 255 255 255 255 255 255 255 255 255
255 255 255 255 255 255 255 255 255 255 255 255 255 255 255 255
255 255 255 255 255 255 255 255 255 255 255 255 255 255 255 255
255 255 255 255 255 255 255 255 255 255 255 255 255 255 255 255
255 255 255 255 255 255 255 255 255 255 255 255 255 255 255 255
255 255 255 255 255 255 255 255 255 255 255 255 255 255 255 255
255 255 255 255 255 255 255 255 255 255 255 255 255 255 255 255
255 255 255 255 255 255 255 255 255 255 255 255 255 255 255 255
255 255 255 255 255 255 255 255 255 255 255 255 255 255 255 255
255 255 255 255 255 255 255 255 255 255 255 255 255 255 255 255
255 255 255 255 255 255 255 255 255 255 255 255 255 255 255 255
255 255 255 255 255 255 255 255 255 255 255 255 255 255 255 255
255 255 255 255 255 255 255 255 255 255 255 255 255 255 255 255
255 255 255 255 255 255 255 255 255 255 255 255 255 255 255 255
255 255 255 255 255   0   0 255 255 255 255 255 255 255 255 255
255 255 255 255 255   0   0 255 255 255 255 255 255 255 255 255
255 255 255 255 255 255 255 255 255 255 255 255 255 255 255 255
255 255 255 255 255 255 255 255 255 255 255 255 255 255 255 255
255 255 255 255 255 255 255 255 255 255 255 255 255 255 255 255
255 255 255 255 255 255 255 255 255 255 255 255 255 255 255 255
255 255 255 255 255 255 255 255 255 255 255 255 255 255 255 255
255 255 255 255 255 255 255 255 255 255 255 255 255 255 255 255
255 255 255 255 255 255 255 255 255 255 255 255 255 255 255 255
255 255 255 255 255 255 255 255 255 255 255 255 255 255 255 255
255 255 255 255 255 255 255 255 255 255 255 255 255 255 255 255
255 255 255 255 255 255 255 255 255 255 255 255 255 255 255 255
255 255 255 255 255 255 255 255 255 255 255 255 255 255 255 255
255 255 255 255 255 255 255 255 255 255 255 255 255 255 255 255
255 255 255 255 255 255 255 255 255 255 255 255 255 255 255 255
255 255 255 255 255 255 255 255 255 255 255 255 255 255 255 255
255 255 255 255 255   0   0 255 255 255 255 255 255 255 255 255
255 255 255 255 255   0   0 255 255 255 255 255 255 255 255 255
255 255 255 255 255 255 255 255 255 255 255 255 255 255 255 255
255 255 255 255 255 255 255 255 255 255 255 255 255 255 255 255
255 255 255 255 255 255 255 255 255 255 255 255 255 255 255 255
255 255 255 255 255 255 255 255 255 255 255 255 255 255 255 255
255 255 255 255 255 255 255 255 255 255 255 255 255 255 255 255
255 255 255 255 255 255 255 255 255 255 255 255 255 255 255 255
255 255 255 255 255 255 255 255 255 255 255 255 255 255 255 255
255 255 255 255 255 255 255 255 255 255 255 255 255 255 255 255
255 255 255 255 255 255 255 255 255 255 255 255 255 255 255 255

189 222 222 184 204 222 222 221 210 222 222 205 175 222 222 193
217 255 255 212 234 255 255 254 241 255 255 236 201 255 255 222
217 255 255 212 234 255 255 254 241 255 255 236 201 255 255 222
172 201 201 167 185 201 201 200 191 201 201 186 159 201 201 175
201 236 236 196 214 179 179 235 223 181 178 214 186 184 178 201
217 255 255 212 188 232 233 213 203 222 233 178 146 198 226 132
217 255 255 212 190 221 220 215 205 211 222 181 148 190 216 136
206 241 241 201 222 206 203 241 229 205 203 223 191 207 200 210
216 254 254 211 233 216 212 253 241 215 213 235 200 254 254 221
217 255 255 212 181   0   0 212 203 220 233 179 201 255 255 222
217 255 255 212 183   0   0 216 206 221 232 179 201 255 255 222
200 234 234 195 213 183 181 233 222 190 188 214 185 234 234 204
181 212 212 176 195 212 212 211 201 212 212 196 167 212 212 184
217 255 255 212 234 255 255 254 241 255 255 236 201 255 255 222
217 255 255 212 234 255 255 254 241 255 255 236 201 255 255 222
186 217 217 181 200 217 217 216 206 217 217 201 172 217 217 189
189 222 222 184 204 222 222 221 210 222 222 205 175 222 222 193
217 255 255 212 234 255 255 254 241 255 255 236 201 255 255 222
217 255 255 212 234 255 255 254 241 255 255 236 201 255 255 222
172 201 201 167 185 201 201 200 191 201 201 186 159 201 201 175
201 236 236 196 214 179 179 235 223 181 178 214 186 184 178 201
217 255 255 212 188 232 233 213 203 222 233 178 146 198 226 132
217 255 255 212 190 221 220 215 205 211 222 181 148 190 216 136
206 241 241 201 222 206 203 241 229 205 203 223 191 207 200 210
216 254 254 211 233 216 212 253 241 215 213 235 200 254 254 221
217 255 255 212 181   0   0 212 203 220 233 179 201 255 255 222
217 255 255 212 183   0   0 216 206 221 232 179 201 255 255 222
200 234 234 195 213 183 181 233 222 190 188 214 185 234 234 204
181 212 212 176 195 212 212 211 201 212 212 196 167 212 212 184
217 255 255 212 234 255 255 254 241 255 255 236 201 255 255 222
217 255 255 212 234 255 255 254 241 255 255 236 201 255 255 222
186 217 217 181 200 217 217 216 206 217 217 201 172 217 217 189
189 222 222 184 204 222 222 221 210 222 222 205 175 222 222 193
217 255 255 212 234 255 255 254 241 255 255 236 201 255 255 222
217 255 255 212 234 255 255 254 241 255 255 236 201 255 255 222
172 201 201 167 185 201 201 200 191 201 201 186 159 201 201 175
201 236 236 196 214 179 179 235 223 181 178 214 186 184 178 201
217 255 255 212 188 232 233 213 203 222 233 178 146 198 226 132
217 255 255 212 190 221 220 215 205 211 222 181 148 190 216 136
206 241 241 201 222 206 203 241 229 205 203 223 191 207 200 210
216 254 254 211 233 216 212 253 241 215 213 235 200 254 254 221
217 255 255 212 181   0   0 212 203 220 233 179 201 255 255 222
217 255 255 212 183   0   0 216 206 221 232 179 201 255 255 222
200 234 234 195 213 183 181 233 222 190 188 214 185 234 234 204
181 212 212 176 195 212 212 211 201 212 212 196 167 212 212 184
217 255 255 212 234 255 255 254 241 255 255 236 201 255 255 222
217 255 255 212 234 255 255 254 241 255 255 236 201 255 255 222
186 217 217 181 200 217 217 216 206 217 217 201 172 217 217 189

193 222 222 175 201 132 136 210 221 222 222 204 184 222 222 189
222 255 255 201 178 226 216 200 254 255 255 234 212 255 255 217
222 255 255 201 184 198 190 207 254 255 255 234 212 255 255 217
175 201 201 159 186 146 148 191 200 201 201 185 167 201 201 172
205 236 236 186 214 178 181 223 235 179 179 214 196 236 236 201
222 255 255 201 178 233 222 203 213 233 232 188 212 255 255 217
222 255 255 201 181 222 211 205 215 220 221 190 212 255 255 217
210 241 241 191 223 203 205 229 241 203 206 222 201 241 241 206
221 254 254 200 235 213 215 241 253 212 216 233 211 254 254 216
222 255 255 201 179 233 220 203 212   0   0 181 212 255 255 217
222 255 255 201 179 232 221 206 216   0   0 183 212 255 255 217
204 234 234 185 214 188 190 222 233 181 183 213 195 234 234 200
184 212 212 167 196 212 212 201 211 212 212 195 176 212 212 181
222 255 255 201 236 255 255 241 254 255 255 234 212 255 255 217
222 255 255 201 236 255 255 241 254 255 255 234 212 255 255 217
189 217 217 172 201 217 217 206 216 217 217 200 181 217 217 186
193 222 222 175 201 132 136 210 221 222 222 204 184 222 222 189
222 255 255 201 178 226 216 200 254 255 255 234 212 255 255 217
222 255 255 201 184 198 190 207 254 255 255 234 212 255 255 217
175 201 201 159 186 146 148 191 200 201 201 185 167 201 201 172
205 236 236 186 214 178 181 223 235 179 179 214 196 236 236 201
222 255 255 201 178 233 222 203 213 233 232 188 212 255 255 217
222 255 255 201 181 222 211 205 215 220 221 190 212 255 255 217
210 241 241 191 223 203 205 229 241 203 206 222 201 241 241 206
221 254 254 200 235 213 215 241 253 212 216 233 211 254 254 216
222 255 255 201 179 233 220 203 212   0   0 181 212 255 255 217
222 255 255 201 179 232 221 206 216   0   0 183 212 255 255 217
204 234 234 185 214 188 190 222 233 181 183 213 195 234 234 200
184 212 212 167 196 212 212 201 211 212 212 195 176 212 212 181
222 255 255 201 236 255 255 241 254 255 255 234 212 255 255 217
222 255 255 201 236 255 255 241 254 255 255 234 212 255 255 217
189 217 217 172 201 217 217 206 216 217 217 200 181 217 217 186
193 222 222 175 201 132 136 210 221 222 222 204 184 222 222 189
222 255 255 201 178 226 216 200 254 255 255 234 212 255 255 217
222 255 255 201 184 198 190 207 254 255 255 234 212 255 255 217
175 201 201 159 186 146 148 191 200 201 201 185 167 201 201 172
205 236 236 186 214 178 181 223 235 179 179 214 196 236 236 201
222 255 255 201 178 233 222 203 213 233 232 188 212 255 255 217
222 255 255 201 181 222 211 205 215 220 221 190 212 255 255 217
210 241 241 191 223 203 205 229 241 203 206 222 201 241 241 206
221 254 254 200 235 213 215 241 253 212 216 233 211 254 254 216
222 255 255 201 179 233 220 203 212   0   0 181 212 255 255 217
222 255 255 201 179 232 221 206 216   0   0 183 212 255 255 217
204 234 234 185 214 188 190 222 233 181 183 213 195 234 234 200
184 212 212 167 196 212 212 201 211 212 212 195 176 212 212 181
222 255 255 201 236 255 255 241 254 255 255 234 212 255 255 217
222 255 255 201 236 255 255 241 254 255 255 234 212 255 255 217
189 217 217 172 201 217 217 206 216 217 217 200 181 217 217 186

189 217 217 172 201 217 217 206 216 217 217 200 181 217 217 186
222 255 255 201 236 255 255 241 254 255 255 234 212 255 255 217
222 255 255 201 236 255 255 241 254 255 255 234 212 255 255 217
184 212 212 167 196 212 212 201 211 212 212 195 176 212 212 181
204 234 234 185 214 188 190 222 233 181 183 213 195 234 234 200
222 255 255 201 179 232 221 206 216   0   0 183 212 255 255 217
222 255 255 201 179 233 220 203 212   0   0 181 212 255 255 217
221 254 254 200 235 213 215 241 253 212 216 233 211 254 254 216
210 200 207 191 223 203 205 229 241 203 206 222 201 241 241 206
136 216 190 148 181 222 211 205 215 220 221 190 212 255 255 217
132 226 198 146 178 233 222 203 213 233 232 188 212 255 255 217
201 178 184 186 214 178 181 223 235 179 179 214 196 236 236 201
175 201 201 159 186 201 201 191 200 201 201 185 167 201 201 172
222 255 255 201 236 255 255 241 254 255 255 234 212 255 255 217
222 255 255 201 236 255 255 241 254 255 255 234 212 255 255 217
193 222 222 175 205 222 222 210 221 222 222 204 184 222 222 189
189 217 217 172 201 217 217 206 216 217 217 200 181 217 217 186
222 255 255 201 236 255 255 241 254 255 255 234 212 255 255 217
222 255 255 201 236 255 255 241 254 255 255 234 212 255 255 217
184 212 212 167 196 212 212 201 211 212 212 195 176 212 212 181
204 234 234 185 214 188 190 222 233 181 183 213 195 234 234 200
222 255 255 201 179 232 221 206 216   0   0 183 212 255 255 217
222 255 255 201 179 233 220 203 212   0   0 181 212 255 255 217
221 254 254 200 235 213 215 241 253 212 216 233 211 254 254 216
210 200 207 191 223 203 205 229 241 203 206 222 201 241 241 206
136 216 190 148 181 222 211 205 215 220 221 190 212 255 255 217
132 226 198 146 178 233 222 203 213 233 232 188 212 255 255 217
201 178 184 186 214 178 181 223 235 179 179 214 196 236 236 201
175 201 201 159 186 201 201 191 200 201 201 185 167 201 201 172
222 255 255 201 236 255 255 241 254 255 255 234 212 255 255 217
222 255 255 201 236 255 255 241 254 255 255 234 212 255 255 217
193 222 222 175 205 222 222 210 221 222 222 204 184 222 222 189
189 217 217 172 201 217 217 206 216 217 217 200 181 217 217 186
222 255 255 201 236 255 255 241 254 255 255 234 212 255 255 217
222 255 255 201 236 255 255 241 254 255 255 234 212 255 255 217
184 212 212 167 196 212 212 201 211 212 212 195 176 212 212 181
204 234 234 185 214 188 190 222 233 181 183 213 195 234 234 200
222 255 255 201 179 232 221 206 216   0   0 183 212 255 255 217
222 255 255 201 179 233 220 203 212   0   0 181 212 255 255 217
221 254 254 200 235 213 215 241 253 212 216 233 211 254 254 216
210 200 207 191 223 203 205 229 241 203 206 222 201 241 241 206
136 216 190 148 181 222 211 205 215 220 221 190 212 255 255 217
132 226 198 146 178 233 222 203 213 233 232 188 212 255 255 217
201 178 184 186 214 178 181 223 235 179 179 214 196 236 236 201
175 201 201 159 186 201 201 191 200 201 201 185 167 201 201 172
222 255 255 201 236 255 255 241 254 255 255 234 212 255 255 217
222 255 255 201 236 255 255 241 254 255 255 234 212 255 255 217
193 222 222 175 205 222 222 210 221 222 222 204 184 222 222 189
